(0, 0, 0)-(0, 0, 0)-(0, 0, 0)-(0, 0, 0)-(0, 0, 0)-(0, 0, 0)-(0, 0, 0)-(0, 0, 0)-(0, 0, 0)-(0, 0, 0)-(0, 0, 0)-(0, 0, 0)-(0, 0, 0)-(0, 0, 0)-(0, 0, 0)-(0, 0, 0)-(0, 0, 0)-(0, 0, 0)-(0, 0, 0)-(0, 0, 0)-(0, 0, 0)-(0, 0, 0)-(0, 0, 0)-(0, 0, 0)-(0, 0, 0)-(0, 0, 0)-(0, 0, 0)-(0, 0, 0)-(0, 0, 0)-(0, 0, 0)-
(0, 0, 0)-(0, 0, 0)-(0, 0, 0)-(0, 0, 0)-(0, 0, 0)-(0, 0, 0)-(0, 0, 0)-(0, 0, 0)-(0, 0, 0)-(0, 0, 0)-(0, 0, 0)-(0, 0, 0)-(0, 0, 0)-(0, 0, 0)-(0, 0, 0)-(0, 0, 0)-(0, 0, 0)-(0, 0, 0)-(0, 0, 0)-(0, 0, 0)-(0, 0, 0)-(0, 0, 0)-(0, 0, 0)-(0, 0, 0)-(0, 0, 0)-(0, 0, 0)-(0, 0, 0)-(0, 0, 0)-(0, 0, 0)-(0, 0, 0)-
(0, 0, 0)-(0, 0, 0)-(0, 0, 0)-(0, 0, 0)-(0, 0, 0)-(0, 0, 0)-(0, 0, 0)-(0, 0, 0)-(0, 0, 0)-(0, 0, 0)-(0, 0, 0)-(0, 0, 0)-(0, 0, 0)-(0, 0, 0)-(0, 0, 0)-(0, 0, 0)-(0, 0, 0)-(0, 0, 0)-(0, 0, 0)-(0, 0, 0)-(0, 0, 0)-(0, 0, 0)-(0, 0, 0)-(0, 0, 0)-(0, 0, 0)-(0, 0, 0)-(0, 0, 0)-(0, 0, 0)-(0, 0, 0)-(0, 0, 0)-
(0, 0, 0)-(0, 0, 0)-(0, 0, 0)-(0, 0, 0)-(0, 0, 0)-(0, 0, 0)-(0, 0, 0)-(0, 0, 0)-(0, 0, 0)-(0, 0, 0)-(0, 0, 0)-(0, 0, 0)-(0, 0, 0)-(0, 0, 0)-(0, 0, 0)-(0, 0, 0)-(0, 0, 0)-(0, 0, 0)-(0, 0, 0)-(0, 0, 0)-(0, 0, 0)-(0, 0, 0)-(0, 0, 0)-(0, 0, 0)-(0, 0, 0)-(0, 0, 0)-(0, 0, 0)-(0, 0, 0)-(0, 0, 0)-(0, 0, 0)-
(0, 0, 0)-(0, 0, 0)-(0, 0, 0)-(0, 0, 0)-(0, 0, 0)-(0, 0, 0)-(0, 0, 0)-(0, 0, 0)-(0, 0, 0)-(0, 0, 0)-(0, 0, 0)-(0, 0, 0)-(0, 0, 0)-(0, 0, 0)-(0, 0, 0)-(0, 0, 0)-(0, 0, 0)-(0, 0, 0)-(0, 0, 0)-(0, 0, 0)-(0, 0, 0)-(0, 0, 0)-(0, 0, 0)-(0, 0, 0)-(0, 0, 0)-(0, 0, 0)-(0, 0, 0)-(0, 0, 0)-(0, 0, 0)-(0, 0, 0)-
(0, 0, 0)-(0, 0, 0)-(0, 0, 0)-(0, 0, 0)-(0, 0, 0)-(0, 0, 0)-(0, 0, 0)-(0, 0, 0)-(0, 0, 0)-(0, 0, 0)-(0, 0, 0)-(0, 0, 0)-(0, 0, 0)-(0, 0, 0)-(0, 0, 0)-(0, 0, 0)-(0, 0, 0)-(0, 0, 0)-(0, 0, 0)-(0, 0, 0)-(0, 0, 0)-(0, 0, 0)-(0, 0, 0)-(0, 0, 0)-(0, 0, 0)-(0, 0, 0)-(0, 0, 0)-(0, 0, 0)-(0, 0, 0)-(0, 0, 0)-
(0, 0, 0)-(0, 0, 0)-(0, 0, 0)-(0, 0, 0)-(0, 0, 0)-(0, 0, 0)-(0, 0, 0)-(0, 0, 0)-(0, 0, 0)-(0, 0, 0)-(0, 0, 0)-(0, 0, 0)-(0, 0, 0)-(0, 0, 0)-(0, 0, 0)-(0, 0, 0)-(0, 0, 0)-(0, 0, 0)-(0, 0, 0)-(0, 0, 0)-(0, 0, 0)-(0, 0, 0)-(0, 0, 0)-(0, 0, 0)-(0, 0, 0)-(0, 0, 0)-(0, 0, 0)-(0, 0, 0)-(0, 0, 0)-(0, 0, 0)-
(0, 0, 0)-(0, 0, 0)-(0, 0, 0)-(0, 0, 0)-(0, 0, 0)-(0, 0, 0)-(0, 0, 0)-(0, 0, 0)-(0, 0, 0)-(0, 0, 0)-(0, 0, 0)-(0, 0, 0)-(0, 0, 0)-(0, 0, 0)-(0, 0, 0)-(0, 0, 0)-(0, 0, 0)-(0, 0, 0)-(0, 0, 0)-(0, 0, 0)-(0, 0, 0)-(0, 0, 0)-(0, 0, 0)-(0, 0, 0)-(0, 0, 0)-(0, 0, 0)-(0, 0, 0)-(0, 0, 0)-(0, 0, 0)-(0, 0, 0)-
(0, 0, 0)-(0, 0, 0)-(0, 0, 0)-(0, 0, 0)-(0, 0, 0)-(0, 0, 0)-(0, 0, 0)-(0, 0, 0)-(0, 0, 0)-(0, 0, 0)-(0, 0, 0)-(0, 0, 0)-(0, 0, 0)-(0, 0, 0)-(0, 0, 0)-(0, 0, 0)-(0, 0, 0)-(0, 0, 0)-(0, 0, 0)-(0, 0, 0)-(0, 0, 0)-(0, 0, 0)-(0, 0, 0)-(0, 0, 0)-(0, 0, 0)-(0, 0, 0)-(0, 0, 0)-(0, 0, 0)-(0, 0, 0)-(0, 0, 0)-
(0, 0, 0)-(0, 0, 0)-(0, 0, 0)-(0, 0, 0)-(0, 0, 0)-(0, 0, 0)-(0, 0, 0)-(0, 0, 0)-(0, 0, 0)-(0, 0, 0)-(0, 0, 0)-(0, 0, 0)-(0, 0, 0)-(0, 0, 0)-(0, 0, 0)-(0, 0, 0)-(0, 0, 0)-(0, 0, 0)-(0, 0, 0)-(0, 0, 0)-(0, 0, 0)-(0, 0, 0)-(0, 0, 0)-(0, 0, 0)-(0, 0, 0)-(0, 0, 0)-(0, 0, 0)-(0, 0, 0)-(0, 0, 0)-(0, 0, 0)-
(0, 0, 0)-(0, 0, 0)-(0, 0, 0)-(0, 0, 0)-(0, 0, 0)-(0, 0, 0)-(0, 0, 0)-(0, 0, 0)-(0, 0, 0)-(0, 0, 0)-(0, 0, 0)-(0, 0, 0)-(0, 0, 0)-(0, 0, 0)-(0, 0, 0)-(0, 0, 0)-(0, 0, 0)-(0, 0, 0)-(0, 0, 0)-(0, 0, 0)-(0, 0, 0)-(0, 0, 0)-(0, 0, 0)-(0, 0, 0)-(0, 0, 0)-(0, 0, 0)-(0, 0, 0)-(0, 0, 0)-(255, 255, 255)-(255, 255, 255)-
(0, 0, 0)-(0, 0, 0)-(0, 0, 0)-(0, 0, 0)-(0, 0, 0)-(0, 0, 0)-(0, 0, 0)-(0, 0, 0)-(0, 0, 0)-(0, 0, 0)-(0, 0, 0)-(0, 0, 0)-(0, 0, 0)-(0, 0, 0)-(0, 0, 0)-(0, 0, 0)-(0, 0, 0)-(0, 0, 0)-(0, 0, 0)-(0, 0, 0)-(0, 0, 0)-(0, 0, 0)-(0, 0, 0)-(0, 0, 0)-(0, 0, 0)-(0, 0, 0)-(0, 0, 0)-(0, 0, 0)-(255, 255, 255)-(0, 0, 0)-
# new Layer
(0, 0, 0)-(0, 0, 0)-(0, 0, 0)-(0, 0, 0)-(0, 0, 0)-(0, 0, 0)-(0, 0, 0)-(0, 0, 0)-(0, 0, 0)-(0, 0, 0)-(0, 0, 0)-(0, 0, 0)-(0, 0, 0)-(0, 0, 0)-(0, 0, 0)-(0, 0, 0)-(0, 0, 0)-(0, 0, 0)-(0, 0, 0)-(0, 0, 0)-(0, 0, 0)-(0, 0, 0)-(0, 0, 0)-(0, 0, 0)-(0, 0, 0)-(0, 0, 0)-(0, 0, 0)-(0, 0, 0)-(0, 0, 0)-(0, 0, 0)-
(0, 0, 0)-(0, 0, 0)-(0, 0, 0)-(0, 0, 0)-(0, 0, 0)-(0, 0, 0)-(0, 0, 0)-(0, 0, 0)-(0, 0, 0)-(0, 0, 0)-(0, 0, 0)-(0, 0, 0)-(0, 0, 0)-(0, 0, 0)-(0, 0, 0)-(0, 0, 0)-(0, 0, 0)-(0, 0, 0)-(0, 0, 0)-(0, 0, 0)-(0, 0, 0)-(0, 0, 0)-(0, 0, 0)-(0, 0, 0)-(0, 0, 0)-(0, 0, 0)-(0, 0, 0)-(0, 0, 0)-(0, 0, 0)-(0, 0, 0)-
(0, 0, 0)-(0, 0, 0)-(0, 0, 0)-(0, 0, 0)-(0, 0, 0)-(0, 0, 0)-(0, 0, 0)-(0, 0, 0)-(0, 0, 0)-(0, 0, 0)-(0, 0, 0)-(0, 0, 0)-(0, 0, 0)-(0, 0, 0)-(0, 0, 0)-(0, 0, 0)-(0, 0, 0)-(0, 0, 0)-(0, 0, 0)-(0, 0, 0)-(0, 0, 0)-(0, 0, 0)-(0, 0, 0)-(0, 0, 0)-(0, 0, 0)-(0, 0, 0)-(0, 0, 0)-(0, 0, 0)-(0, 0, 0)-(0, 0, 0)-
(0, 0, 0)-(0, 0, 0)-(0, 0, 0)-(0, 0, 0)-(0, 0, 0)-(0, 0, 0)-(0, 0, 0)-(0, 0, 0)-(0, 0, 0)-(0, 0, 0)-(0, 0, 0)-(0, 0, 0)-(0, 0, 0)-(0, 0, 0)-(0, 0, 0)-(0, 0, 0)-(0, 0, 0)-(0, 0, 0)-(0, 0, 0)-(0, 0, 0)-(0, 0, 0)-(0, 0, 0)-(0, 0, 0)-(0, 0, 0)-(0, 0, 0)-(0, 0, 0)-(0, 0, 0)-(0, 0, 0)-(0, 0, 0)-(0, 0, 0)-
(0, 0, 0)-(0, 0, 0)-(0, 0, 0)-(0, 0, 0)-(0, 0, 0)-(0, 0, 0)-(0, 0, 0)-(0, 0, 0)-(0, 0, 0)-(0, 0, 0)-(0, 0, 0)-(0, 0, 0)-(0, 0, 0)-(0, 0, 0)-(0, 0, 0)-(0, 0, 0)-(0, 0, 0)-(0, 0, 0)-(0, 0, 0)-(0, 0, 0)-(0, 0, 0)-(0, 0, 0)-(0, 0, 0)-(0, 0, 0)-(0, 0, 0)-(0, 0, 0)-(0, 0, 0)-(0, 0, 0)-(0, 0, 0)-(0, 0, 0)-
(0, 0, 0)-(0, 0, 0)-(0, 0, 0)-(0, 0, 0)-(0, 0, 0)-(0, 0, 0)-(0, 0, 0)-(0, 0, 0)-(0, 0, 0)-(0, 0, 0)-(0, 0, 0)-(0, 0, 0)-(0, 0, 0)-(0, 0, 0)-(0, 0, 0)-(0, 0, 0)-(0, 0, 0)-(0, 0, 0)-(0, 0, 0)-(0, 0, 0)-(0, 0, 0)-(0, 0, 0)-(0, 0, 0)-(0, 0, 0)-(0, 0, 0)-(0, 0, 0)-(0, 0, 0)-(0, 0, 0)-(0, 0, 0)-(0, 0, 0)-
(0, 0, 0)-(0, 0, 0)-(0, 0, 0)-(0, 0, 0)-(0, 0, 0)-(0, 0, 0)-(0, 0, 0)-(0, 0, 0)-(0, 0, 0)-(0, 0, 0)-(0, 0, 0)-(0, 0, 0)-(0, 0, 0)-(0, 0, 0)-(0, 0, 0)-(0, 0, 0)-(0, 0, 0)-(0, 0, 0)-(0, 0, 0)-(0, 0, 0)-(0, 0, 0)-(0, 0, 0)-(0, 0, 0)-(0, 0, 0)-(0, 0, 0)-(0, 0, 0)-(0, 0, 0)-(0, 0, 0)-(0, 0, 0)-(0, 0, 0)-
(0, 0, 0)-(0, 0, 0)-(0, 0, 0)-(0, 0, 0)-(0, 0, 0)-(0, 0, 0)-(0, 0, 0)-(0, 0, 0)-(0, 0, 0)-(0, 0, 0)-(0, 0, 0)-(0, 0, 0)-(0, 0, 0)-(0, 0, 0)-(0, 0, 0)-(0, 0, 0)-(0, 0, 0)-(0, 0, 0)-(0, 0, 0)-(0, 0, 0)-(0, 0, 0)-(0, 0, 0)-(0, 0, 0)-(0, 0, 0)-(0, 0, 0)-(0, 0, 0)-(0, 0, 0)-(0, 0, 0)-(0, 0, 0)-(0, 0, 0)-
(0, 0, 0)-(0, 0, 0)-(0, 0, 0)-(0, 0, 0)-(0, 0, 0)-(0, 0, 0)-(0, 0, 0)-(0, 0, 0)-(0, 0, 0)-(0, 0, 0)-(0, 0, 0)-(0, 0, 0)-(0, 0, 0)-(0, 0, 0)-(0, 0, 0)-(0, 0, 0)-(0, 0, 0)-(0, 0, 0)-(0, 0, 0)-(0, 0, 0)-(0, 0, 0)-(0, 0, 0)-(0, 0, 0)-(0, 0, 0)-(0, 0, 0)-(0, 0, 0)-(0, 0, 0)-(0, 0, 0)-(0, 0, 0)-(0, 0, 0)-
(0, 0, 0)-(0, 0, 0)-(0, 0, 0)-(0, 0, 0)-(0, 0, 0)-(0, 0, 0)-(0, 0, 0)-(0, 0, 0)-(0, 0, 0)-(0, 0, 0)-(0, 0, 0)-(0, 0, 0)-(0, 0, 0)-(0, 0, 0)-(0, 0, 0)-(0, 0, 0)-(0, 0, 0)-(0, 0, 0)-(0, 0, 0)-(0, 0, 0)-(0, 0, 0)-(0, 0, 0)-(0, 0, 0)-(0, 0, 0)-(0, 0, 0)-(0, 0, 0)-(255, 255, 255)-(255, 255, 255)-(0, 0, 0)-(0, 0, 0)-
(0, 0, 0)-(0, 0, 0)-(0, 0, 0)-(0, 0, 0)-(0, 0, 0)-(0, 0, 0)-(0, 0, 0)-(0, 0, 0)-(0, 0, 0)-(0, 0, 0)-(0, 0, 0)-(0, 0, 0)-(0, 0, 0)-(0, 0, 0)-(0, 0, 0)-(0, 0, 0)-(0, 0, 0)-(0, 0, 0)-(0, 0, 0)-(0, 0, 0)-(0, 0, 0)-(0, 0, 0)-(0, 0, 0)-(0, 0, 0)-(0, 0, 0)-(0, 0, 0)-(255, 255, 255)-(0, 0, 0)-(0, 0, 0)-(0, 0, 0)-
(0, 0, 0)-(0, 0, 0)-(0, 0, 0)-(0, 0, 0)-(0, 0, 0)-(0, 0, 0)-(0, 0, 0)-(0, 0, 0)-(0, 0, 0)-(0, 0, 0)-(0, 0, 0)-(0, 0, 0)-(0, 0, 0)-(0, 0, 0)-(0, 0, 0)-(0, 0, 0)-(0, 0, 0)-(0, 0, 0)-(0, 0, 0)-(0, 0, 0)-(0, 0, 0)-(0, 0, 0)-(0, 0, 0)-(0, 0, 0)-(0, 0, 0)-(0, 0, 0)-(0, 0, 0)-(0, 0, 0)-(0, 0, 0)-(0, 0, 0)-
# new Layer
(0, 0, 0)-(0, 0, 0)-(0, 0, 0)-(0, 0, 0)-(0, 0, 0)-(0, 0, 0)-(0, 0, 0)-(0, 0, 0)-(0, 0, 0)-(0, 0, 0)-(0, 0, 0)-(0, 0, 0)-(0, 0, 0)-(0, 0, 0)-(0, 0, 0)-(0, 0, 0)-(0, 0, 0)-(0, 0, 0)-(0, 0, 0)-(0, 0, 0)-(0, 0, 0)-(0, 0, 0)-(0, 0, 0)-(0, 0, 0)-(0, 0, 0)-(0, 0, 0)-(0, 0, 0)-(0, 0, 0)-(0, 0, 0)-(0, 0, 0)-
(0, 0, 0)-(0, 0, 0)-(0, 0, 0)-(0, 0, 0)-(0, 0, 0)-(0, 0, 0)-(0, 0, 0)-(0, 0, 0)-(0, 0, 0)-(0, 0, 0)-(0, 0, 0)-(0, 0, 0)-(0, 0, 0)-(0, 0, 0)-(0, 0, 0)-(0, 0, 0)-(0, 0, 0)-(0, 0, 0)-(0, 0, 0)-(0, 0, 0)-(0, 0, 0)-(0, 0, 0)-(0, 0, 0)-(0, 0, 0)-(0, 0, 0)-(0, 0, 0)-(0, 0, 0)-(0, 0, 0)-(0, 0, 0)-(0, 0, 0)-
(0, 0, 0)-(0, 0, 0)-(0, 0, 0)-(0, 0, 0)-(0, 0, 0)-(0, 0, 0)-(0, 0, 0)-(0, 0, 0)-(0, 0, 0)-(0, 0, 0)-(0, 0, 0)-(0, 0, 0)-(0, 0, 0)-(0, 0, 0)-(0, 0, 0)-(0, 0, 0)-(0, 0, 0)-(0, 0, 0)-(0, 0, 0)-(0, 0, 0)-(0, 0, 0)-(0, 0, 0)-(0, 0, 0)-(0, 0, 0)-(0, 0, 0)-(0, 0, 0)-(0, 0, 0)-(0, 0, 0)-(0, 0, 0)-(0, 0, 0)-
(0, 0, 0)-(0, 0, 0)-(0, 0, 0)-(0, 0, 0)-(0, 0, 0)-(0, 0, 0)-(0, 0, 0)-(0, 0, 0)-(0, 0, 0)-(0, 0, 0)-(0, 0, 0)-(0, 0, 0)-(0, 0, 0)-(0, 0, 0)-(0, 0, 0)-(0, 0, 0)-(0, 0, 0)-(0, 0, 0)-(0, 0, 0)-(0, 0, 0)-(0, 0, 0)-(0, 0, 0)-(0, 0, 0)-(0, 0, 0)-(0, 0, 0)-(0, 0, 0)-(0, 0, 0)-(0, 0, 0)-(0, 0, 0)-(0, 0, 0)-
(0, 0, 0)-(0, 0, 0)-(0, 0, 0)-(0, 0, 0)-(0, 0, 0)-(0, 0, 0)-(0, 0, 0)-(0, 0, 0)-(0, 0, 0)-(0, 0, 0)-(0, 0, 0)-(0, 0, 0)-(0, 0, 0)-(0, 0, 0)-(0, 0, 0)-(0, 0, 0)-(0, 0, 0)-(0, 0, 0)-(0, 0, 0)-(0, 0, 0)-(0, 0, 0)-(0, 0, 0)-(0, 0, 0)-(0, 0, 0)-(0, 0, 0)-(0, 0, 0)-(0, 0, 0)-(0, 0, 0)-(0, 0, 0)-(0, 0, 0)-
(0, 0, 0)-(0, 0, 0)-(0, 0, 0)-(0, 0, 0)-(0, 0, 0)-(0, 0, 0)-(0, 0, 0)-(0, 0, 0)-(0, 0, 0)-(0, 0, 0)-(0, 0, 0)-(0, 0, 0)-(0, 0, 0)-(0, 0, 0)-(0, 0, 0)-(0, 0, 0)-(0, 0, 0)-(0, 0, 0)-(0, 0, 0)-(0, 0, 0)-(0, 0, 0)-(0, 0, 0)-(0, 0, 0)-(0, 0, 0)-(0, 0, 0)-(0, 0, 0)-(0, 0, 0)-(0, 0, 0)-(0, 0, 0)-(0, 0, 0)-
(0, 0, 0)-(0, 0, 0)-(0, 0, 0)-(0, 0, 0)-(0, 0, 0)-(0, 0, 0)-(0, 0, 0)-(0, 0, 0)-(0, 0, 0)-(0, 0, 0)-(0, 0, 0)-(0, 0, 0)-(0, 0, 0)-(0, 0, 0)-(0, 0, 0)-(0, 0, 0)-(0, 0, 0)-(0, 0, 0)-(0, 0, 0)-(0, 0, 0)-(0, 0, 0)-(0, 0, 0)-(0, 0, 0)-(0, 0, 0)-(0, 0, 0)-(0, 0, 0)-(0, 0, 0)-(0, 0, 0)-(0, 0, 0)-(0, 0, 0)-
(0, 0, 0)-(0, 0, 0)-(0, 0, 0)-(0, 0, 0)-(0, 0, 0)-(0, 0, 0)-(0, 0, 0)-(0, 0, 0)-(0, 0, 0)-(0, 0, 0)-(0, 0, 0)-(0, 0, 0)-(0, 0, 0)-(0, 0, 0)-(0, 0, 0)-(0, 0, 0)-(0, 0, 0)-(0, 0, 0)-(0, 0, 0)-(0, 0, 0)-(0, 0, 0)-(0, 0, 0)-(0, 0, 0)-(0, 0, 0)-(0, 0, 0)-(0, 0, 0)-(0, 0, 0)-(0, 0, 0)-(0, 0, 0)-(0, 0, 0)-
(0, 0, 0)-(0, 0, 0)-(0, 0, 0)-(0, 0, 0)-(0, 0, 0)-(0, 0, 0)-(0, 0, 0)-(0, 0, 0)-(0, 0, 0)-(0, 0, 0)-(0, 0, 0)-(0, 0, 0)-(0, 0, 0)-(0, 0, 0)-(0, 0, 0)-(0, 0, 0)-(0, 0, 0)-(0, 0, 0)-(0, 0, 0)-(0, 0, 0)-(0, 0, 0)-(0, 0, 0)-(0, 0, 0)-(0, 0, 0)-(255, 255, 255)-(255, 255, 255)-(0, 0, 0)-(0, 0, 0)-(0, 0, 0)-(0, 0, 0)-
(0, 0, 0)-(0, 0, 0)-(0, 0, 0)-(0, 0, 0)-(0, 0, 0)-(0, 0, 0)-(0, 0, 0)-(0, 0, 0)-(0, 0, 0)-(0, 0, 0)-(0, 0, 0)-(0, 0, 0)-(0, 0, 0)-(0, 0, 0)-(0, 0, 0)-(0, 0, 0)-(0, 0, 0)-(0, 0, 0)-(0, 0, 0)-(0, 0, 0)-(0, 0, 0)-(0, 0, 0)-(0, 0, 0)-(0, 0, 0)-(255, 255, 255)-(0, 0, 0)-(0, 0, 0)-(0, 0, 0)-(0, 0, 0)-(0, 0, 0)-
(0, 0, 0)-(0, 0, 0)-(0, 0, 0)-(0, 0, 0)-(0, 0, 0)-(0, 0, 0)-(0, 0, 0)-(0, 0, 0)-(0, 0, 0)-(0, 0, 0)-(0, 0, 0)-(0, 0, 0)-(0, 0, 0)-(0, 0, 0)-(0, 0, 0)-(0, 0, 0)-(0, 0, 0)-(0, 0, 0)-(0, 0, 0)-(0, 0, 0)-(0, 0, 0)-(0, 0, 0)-(0, 0, 0)-(0, 0, 0)-(0, 0, 0)-(0, 0, 0)-(0, 0, 0)-(0, 0, 0)-(0, 0, 0)-(0, 0, 0)-
(0, 0, 0)-(0, 0, 0)-(0, 0, 0)-(0, 0, 0)-(0, 0, 0)-(0, 0, 0)-(0, 0, 0)-(0, 0, 0)-(0, 0, 0)-(0, 0, 0)-(0, 0, 0)-(0, 0, 0)-(0, 0, 0)-(0, 0, 0)-(0, 0, 0)-(0, 0, 0)-(0, 0, 0)-(0, 0, 0)-(0, 0, 0)-(0, 0, 0)-(0, 0, 0)-(0, 0, 0)-(0, 0, 0)-(0, 0, 0)-(0, 0, 0)-(0, 0, 0)-(0, 0, 0)-(0, 0, 0)-(0, 0, 0)-(0, 0, 0)-
# new Layer
(0, 0, 0)-(0, 0, 0)-(0, 0, 0)-(0, 0, 0)-(0, 0, 0)-(0, 0, 0)-(0, 0, 0)-(0, 0, 0)-(0, 0, 0)-(0, 0, 0)-(0, 0, 0)-(0, 0, 0)-(0, 0, 0)-(0, 0, 0)-(0, 0, 0)-(0, 0, 0)-(0, 0, 0)-(0, 0, 0)-(0, 0, 0)-(0, 0, 0)-(0, 0, 0)-(0, 0, 0)-(0, 0, 0)-(0, 0, 0)-(0, 0, 0)-(0, 0, 0)-(0, 0, 0)-(0, 0, 0)-(0, 0, 0)-(0, 0, 0)-
(0, 0, 0)-(0, 0, 0)-(0, 0, 0)-(0, 0, 0)-(0, 0, 0)-(0, 0, 0)-(0, 0, 0)-(0, 0, 0)-(0, 0, 0)-(0, 0, 0)-(0, 0, 0)-(0, 0, 0)-(0, 0, 0)-(0, 0, 0)-(0, 0, 0)-(0, 0, 0)-(0, 0, 0)-(0, 0, 0)-(0, 0, 0)-(0, 0, 0)-(0, 0, 0)-(0, 0, 0)-(0, 0, 0)-(0, 0, 0)-(0, 0, 0)-(0, 0, 0)-(0, 0, 0)-(0, 0, 0)-(0, 0, 0)-(0, 0, 0)-
(0, 0, 0)-(0, 0, 0)-(0, 0, 0)-(0, 0, 0)-(0, 0, 0)-(0, 0, 0)-(0, 0, 0)-(0, 0, 0)-(0, 0, 0)-(0, 0, 0)-(0, 0, 0)-(0, 0, 0)-(0, 0, 0)-(0, 0, 0)-(0, 0, 0)-(0, 0, 0)-(0, 0, 0)-(0, 0, 0)-(0, 0, 0)-(0, 0, 0)-(0, 0, 0)-(0, 0, 0)-(0, 0, 0)-(0, 0, 0)-(0, 0, 0)-(0, 0, 0)-(0, 0, 0)-(0, 0, 0)-(0, 0, 0)-(0, 0, 0)-
(0, 0, 0)-(0, 0, 0)-(0, 0, 0)-(0, 0, 0)-(0, 0, 0)-(0, 0, 0)-(0, 0, 0)-(0, 0, 0)-(0, 0, 0)-(0, 0, 0)-(0, 0, 0)-(0, 0, 0)-(0, 0, 0)-(0, 0, 0)-(0, 0, 0)-(0, 0, 0)-(0, 0, 0)-(0, 0, 0)-(0, 0, 0)-(0, 0, 0)-(0, 0, 0)-(0, 0, 0)-(0, 0, 0)-(0, 0, 0)-(0, 0, 0)-(0, 0, 0)-(0, 0, 0)-(0, 0, 0)-(0, 0, 0)-(0, 0, 0)-
(0, 0, 0)-(0, 0, 0)-(0, 0, 0)-(0, 0, 0)-(0, 0, 0)-(0, 0, 0)-(0, 0, 0)-(0, 0, 0)-(0, 0, 0)-(0, 0, 0)-(0, 0, 0)-(0, 0, 0)-(0, 0, 0)-(0, 0, 0)-(0, 0, 0)-(0, 0, 0)-(0, 0, 0)-(0, 0, 0)-(0, 0, 0)-(0, 0, 0)-(0, 0, 0)-(0, 0, 0)-(0, 0, 0)-(0, 0, 0)-(0, 0, 0)-(0, 0, 0)-(0, 0, 0)-(0, 0, 0)-(0, 0, 0)-(0, 0, 0)-
(0, 0, 0)-(0, 0, 0)-(0, 0, 0)-(0, 0, 0)-(0, 0, 0)-(0, 0, 0)-(0, 0, 0)-(0, 0, 0)-(0, 0, 0)-(0, 0, 0)-(0, 0, 0)-(0, 0, 0)-(0, 0, 0)-(0, 0, 0)-(0, 0, 0)-(0, 0, 0)-(0, 0, 0)-(0, 0, 0)-(0, 0, 0)-(0, 0, 0)-(0, 0, 0)-(0, 0, 0)-(0, 0, 0)-(0, 0, 0)-(0, 0, 0)-(0, 0, 0)-(0, 0, 0)-(0, 0, 0)-(0, 0, 0)-(0, 0, 0)-
(0, 0, 0)-(0, 0, 0)-(0, 0, 0)-(0, 0, 0)-(0, 0, 0)-(0, 0, 0)-(0, 0, 0)-(0, 0, 0)-(0, 0, 0)-(0, 0, 0)-(0, 0, 0)-(0, 0, 0)-(0, 0, 0)-(0, 0, 0)-(0, 0, 0)-(0, 0, 0)-(0, 0, 0)-(0, 0, 0)-(0, 0, 0)-(0, 0, 0)-(0, 0, 0)-(0, 0, 0)-(0, 0, 0)-(0, 0, 0)-(0, 0, 0)-(0, 0, 0)-(0, 0, 0)-(0, 0, 0)-(0, 0, 0)-(0, 0, 0)-
(0, 0, 0)-(0, 0, 0)-(0, 0, 0)-(0, 0, 0)-(0, 0, 0)-(0, 0, 0)-(0, 0, 0)-(0, 0, 0)-(0, 0, 0)-(0, 0, 0)-(0, 0, 0)-(0, 0, 0)-(0, 0, 0)-(0, 0, 0)-(0, 0, 0)-(0, 0, 0)-(0, 0, 0)-(0, 0, 0)-(0, 0, 0)-(0, 0, 0)-(0, 0, 0)-(0, 0, 0)-(255, 255, 255)-(255, 255, 255)-(0, 0, 0)-(0, 0, 0)-(0, 0, 0)-(0, 0, 0)-(0, 0, 0)-(0, 0, 0)-
(0, 0, 0)-(0, 0, 0)-(0, 0, 0)-(0, 0, 0)-(0, 0, 0)-(0, 0, 0)-(0, 0, 0)-(0, 0, 0)-(0, 0, 0)-(0, 0, 0)-(0, 0, 0)-(0, 0, 0)-(0, 0, 0)-(0, 0, 0)-(0, 0, 0)-(0, 0, 0)-(0, 0, 0)-(0, 0, 0)-(0, 0, 0)-(0, 0, 0)-(0, 0, 0)-(0, 0, 0)-(255, 255, 255)-(0, 0, 0)-(0, 0, 0)-(0, 0, 0)-(0, 0, 0)-(0, 0, 0)-(0, 0, 0)-(0, 0, 0)-
(0, 0, 0)-(0, 0, 0)-(0, 0, 0)-(0, 0, 0)-(0, 0, 0)-(0, 0, 0)-(0, 0, 0)-(0, 0, 0)-(0, 0, 0)-(0, 0, 0)-(0, 0, 0)-(0, 0, 0)-(0, 0, 0)-(0, 0, 0)-(0, 0, 0)-(0, 0, 0)-(0, 0, 0)-(0, 0, 0)-(0, 0, 0)-(0, 0, 0)-(0, 0, 0)-(0, 0, 0)-(0, 0, 0)-(0, 0, 0)-(0, 0, 0)-(0, 0, 0)-(0, 0, 0)-(0, 0, 0)-(0, 0, 0)-(0, 0, 0)-
(0, 0, 0)-(0, 0, 0)-(0, 0, 0)-(0, 0, 0)-(0, 0, 0)-(0, 0, 0)-(0, 0, 0)-(0, 0, 0)-(0, 0, 0)-(0, 0, 0)-(0, 0, 0)-(0, 0, 0)-(0, 0, 0)-(0, 0, 0)-(0, 0, 0)-(0, 0, 0)-(0, 0, 0)-(0, 0, 0)-(0, 0, 0)-(0, 0, 0)-(0, 0, 0)-(0, 0, 0)-(0, 0, 0)-(0, 0, 0)-(0, 0, 0)-(0, 0, 0)-(0, 0, 0)-(0, 0, 0)-(0, 0, 0)-(0, 0, 0)-
(0, 0, 0)-(0, 0, 0)-(0, 0, 0)-(0, 0, 0)-(0, 0, 0)-(0, 0, 0)-(0, 0, 0)-(0, 0, 0)-(0, 0, 0)-(0, 0, 0)-(0, 0, 0)-(0, 0, 0)-(0, 0, 0)-(0, 0, 0)-(0, 0, 0)-(0, 0, 0)-(0, 0, 0)-(0, 0, 0)-(0, 0, 0)-(0, 0, 0)-(0, 0, 0)-(0, 0, 0)-(0, 0, 0)-(0, 0, 0)-(0, 0, 0)-(0, 0, 0)-(0, 0, 0)-(0, 0, 0)-(0, 0, 0)-(0, 0, 0)-
# new Layer
(0, 0, 0)-(0, 0, 0)-(0, 0, 0)-(0, 0, 0)-(0, 0, 0)-(0, 0, 0)-(0, 0, 0)-(0, 0, 0)-(0, 0, 0)-(0, 0, 0)-(0, 0, 0)-(0, 0, 0)-(0, 0, 0)-(0, 0, 0)-(0, 0, 0)-(0, 0, 0)-(0, 0, 0)-(0, 0, 0)-(0, 0, 0)-(0, 0, 0)-(0, 0, 0)-(0, 0, 0)-(0, 0, 0)-(0, 0, 0)-(0, 0, 0)-(0, 0, 0)-(0, 0, 0)-(0, 0, 0)-(0, 0, 0)-(0, 0, 0)-
(0, 0, 0)-(0, 0, 0)-(0, 0, 0)-(0, 0, 0)-(0, 0, 0)-(0, 0, 0)-(0, 0, 0)-(0, 0, 0)-(0, 0, 0)-(0, 0, 0)-(0, 0, 0)-(0, 0, 0)-(0, 0, 0)-(0, 0, 0)-(0, 0, 0)-(0, 0, 0)-(0, 0, 0)-(0, 0, 0)-(0, 0, 0)-(0, 0, 0)-(0, 0, 0)-(0, 0, 0)-(0, 0, 0)-(0, 0, 0)-(0, 0, 0)-(0, 0, 0)-(0, 0, 0)-(0, 0, 0)-(0, 0, 0)-(0, 0, 0)-
(0, 0, 0)-(0, 0, 0)-(0, 0, 0)-(0, 0, 0)-(0, 0, 0)-(0, 0, 0)-(0, 0, 0)-(0, 0, 0)-(0, 0, 0)-(0, 0, 0)-(0, 0, 0)-(0, 0, 0)-(0, 0, 0)-(0, 0, 0)-(0, 0, 0)-(0, 0, 0)-(0, 0, 0)-(0, 0, 0)-(0, 0, 0)-(0, 0, 0)-(0, 0, 0)-(0, 0, 0)-(0, 0, 0)-(0, 0, 0)-(0, 0, 0)-(0, 0, 0)-(0, 0, 0)-(0, 0, 0)-(0, 0, 0)-(0, 0, 0)-
(0, 0, 0)-(0, 0, 0)-(0, 0, 0)-(0, 0, 0)-(0, 0, 0)-(0, 0, 0)-(0, 0, 0)-(0, 0, 0)-(0, 0, 0)-(0, 0, 0)-(0, 0, 0)-(0, 0, 0)-(0, 0, 0)-(0, 0, 0)-(0, 0, 0)-(0, 0, 0)-(0, 0, 0)-(0, 0, 0)-(0, 0, 0)-(0, 0, 0)-(0, 0, 0)-(0, 0, 0)-(0, 0, 0)-(0, 0, 0)-(0, 0, 0)-(0, 0, 0)-(0, 0, 0)-(0, 0, 0)-(0, 0, 0)-(0, 0, 0)-
(0, 0, 0)-(0, 0, 0)-(0, 0, 0)-(0, 0, 0)-(0, 0, 0)-(0, 0, 0)-(0, 0, 0)-(0, 0, 0)-(0, 0, 0)-(0, 0, 0)-(0, 0, 0)-(0, 0, 0)-(0, 0, 0)-(0, 0, 0)-(0, 0, 0)-(0, 0, 0)-(0, 0, 0)-(0, 0, 0)-(0, 0, 0)-(0, 0, 0)-(0, 0, 0)-(0, 0, 0)-(0, 0, 0)-(0, 0, 0)-(0, 0, 0)-(0, 0, 0)-(0, 0, 0)-(0, 0, 0)-(0, 0, 0)-(0, 0, 0)-
(0, 0, 0)-(0, 0, 0)-(0, 0, 0)-(0, 0, 0)-(0, 0, 0)-(0, 0, 0)-(0, 0, 0)-(0, 0, 0)-(0, 0, 0)-(0, 0, 0)-(0, 0, 0)-(0, 0, 0)-(0, 0, 0)-(0, 0, 0)-(0, 0, 0)-(0, 0, 0)-(0, 0, 0)-(0, 0, 0)-(0, 0, 0)-(0, 0, 0)-(0, 0, 0)-(0, 0, 0)-(0, 0, 0)-(0, 0, 0)-(0, 0, 0)-(0, 0, 0)-(0, 0, 0)-(0, 0, 0)-(0, 0, 0)-(0, 0, 0)-
(0, 0, 0)-(0, 0, 0)-(0, 0, 0)-(0, 0, 0)-(0, 0, 0)-(0, 0, 0)-(0, 0, 0)-(0, 0, 0)-(0, 0, 0)-(0, 0, 0)-(0, 0, 0)-(0, 0, 0)-(0, 0, 0)-(0, 0, 0)-(0, 0, 0)-(0, 0, 0)-(0, 0, 0)-(0, 0, 0)-(0, 0, 0)-(0, 0, 0)-(255, 255, 255)-(255, 255, 255)-(0, 0, 0)-(0, 0, 0)-(0, 0, 0)-(0, 0, 0)-(0, 0, 0)-(0, 0, 0)-(0, 0, 0)-(0, 0, 0)-
(0, 0, 0)-(0, 0, 0)-(0, 0, 0)-(0, 0, 0)-(0, 0, 0)-(0, 0, 0)-(0, 0, 0)-(0, 0, 0)-(0, 0, 0)-(0, 0, 0)-(0, 0, 0)-(0, 0, 0)-(0, 0, 0)-(0, 0, 0)-(0, 0, 0)-(0, 0, 0)-(0, 0, 0)-(0, 0, 0)-(0, 0, 0)-(0, 0, 0)-(255, 255, 255)-(0, 0, 0)-(0, 0, 0)-(0, 0, 0)-(0, 0, 0)-(0, 0, 0)-(0, 0, 0)-(0, 0, 0)-(0, 0, 0)-(0, 0, 0)-
(0, 0, 0)-(0, 0, 0)-(0, 0, 0)-(0, 0, 0)-(0, 0, 0)-(0, 0, 0)-(0, 0, 0)-(0, 0, 0)-(0, 0, 0)-(0, 0, 0)-(0, 0, 0)-(0, 0, 0)-(0, 0, 0)-(0, 0, 0)-(0, 0, 0)-(0, 0, 0)-(0, 0, 0)-(0, 0, 0)-(0, 0, 0)-(0, 0, 0)-(0, 0, 0)-(0, 0, 0)-(0, 0, 0)-(0, 0, 0)-(0, 0, 0)-(0, 0, 0)-(0, 0, 0)-(0, 0, 0)-(0, 0, 0)-(0, 0, 0)-
(0, 0, 0)-(0, 0, 0)-(0, 0, 0)-(0, 0, 0)-(0, 0, 0)-(0, 0, 0)-(0, 0, 0)-(0, 0, 0)-(0, 0, 0)-(0, 0, 0)-(0, 0, 0)-(0, 0, 0)-(0, 0, 0)-(0, 0, 0)-(0, 0, 0)-(0, 0, 0)-(0, 0, 0)-(0, 0, 0)-(0, 0, 0)-(0, 0, 0)-(0, 0, 0)-(0, 0, 0)-(0, 0, 0)-(0, 0, 0)-(0, 0, 0)-(0, 0, 0)-(0, 0, 0)-(0, 0, 0)-(0, 0, 0)-(0, 0, 0)-
(0, 0, 0)-(0, 0, 0)-(0, 0, 0)-(0, 0, 0)-(0, 0, 0)-(0, 0, 0)-(0, 0, 0)-(0, 0, 0)-(0, 0, 0)-(0, 0, 0)-(0, 0, 0)-(0, 0, 0)-(0, 0, 0)-(0, 0, 0)-(0, 0, 0)-(0, 0, 0)-(0, 0, 0)-(0, 0, 0)-(0, 0, 0)-(0, 0, 0)-(0, 0, 0)-(0, 0, 0)-(0, 0, 0)-(0, 0, 0)-(0, 0, 0)-(0, 0, 0)-(0, 0, 0)-(0, 0, 0)-(0, 0, 0)-(0, 0, 0)-
(0, 0, 0)-(0, 0, 0)-(0, 0, 0)-(0, 0, 0)-(0, 0, 0)-(0, 0, 0)-(0, 0, 0)-(0, 0, 0)-(0, 0, 0)-(0, 0, 0)-(0, 0, 0)-(0, 0, 0)-(0, 0, 0)-(0, 0, 0)-(0, 0, 0)-(0, 0, 0)-(0, 0, 0)-(0, 0, 0)-(0, 0, 0)-(0, 0, 0)-(0, 0, 0)-(0, 0, 0)-(0, 0, 0)-(0, 0, 0)-(0, 0, 0)-(0, 0, 0)-(0, 0, 0)-(0, 0, 0)-(0, 0, 0)-(0, 0, 0)-
# new Layer
(0, 0, 0)-(0, 0, 0)-(0, 0, 0)-(0, 0, 0)-(0, 0, 0)-(0, 0, 0)-(0, 0, 0)-(0, 0, 0)-(0, 0, 0)-(0, 0, 0)-(0, 0, 0)-(0, 0, 0)-(0, 0, 0)-(0, 0, 0)-(0, 0, 0)-(0, 0, 0)-(0, 0, 0)-(0, 0, 0)-(0, 0, 0)-(0, 0, 0)-(0, 0, 0)-(0, 0, 0)-(0, 0, 0)-(0, 0, 0)-(0, 0, 0)-(0, 0, 0)-(0, 0, 0)-(0, 0, 0)-(0, 0, 0)-(0, 0, 0)-
(0, 0, 0)-(0, 0, 0)-(0, 0, 0)-(0, 0, 0)-(0, 0, 0)-(0, 0, 0)-(0, 0, 0)-(0, 0, 0)-(0, 0, 0)-(0, 0, 0)-(0, 0, 0)-(0, 0, 0)-(0, 0, 0)-(0, 0, 0)-(0, 0, 0)-(0, 0, 0)-(0, 0, 0)-(0, 0, 0)-(0, 0, 0)-(0, 0, 0)-(0, 0, 0)-(0, 0, 0)-(0, 0, 0)-(0, 0, 0)-(0, 0, 0)-(0, 0, 0)-(0, 0, 0)-(0, 0, 0)-(0, 0, 0)-(0, 0, 0)-
(0, 0, 0)-(0, 0, 0)-(0, 0, 0)-(0, 0, 0)-(0, 0, 0)-(0, 0, 0)-(0, 0, 0)-(0, 0, 0)-(0, 0, 0)-(0, 0, 0)-(0, 0, 0)-(0, 0, 0)-(0, 0, 0)-(0, 0, 0)-(0, 0, 0)-(0, 0, 0)-(0, 0, 0)-(0, 0, 0)-(0, 0, 0)-(0, 0, 0)-(0, 0, 0)-(0, 0, 0)-(0, 0, 0)-(0, 0, 0)-(0, 0, 0)-(0, 0, 0)-(0, 0, 0)-(0, 0, 0)-(0, 0, 0)-(0, 0, 0)-
(0, 0, 0)-(0, 0, 0)-(0, 0, 0)-(0, 0, 0)-(0, 0, 0)-(0, 0, 0)-(0, 0, 0)-(0, 0, 0)-(0, 0, 0)-(0, 0, 0)-(0, 0, 0)-(0, 0, 0)-(0, 0, 0)-(0, 0, 0)-(0, 0, 0)-(0, 0, 0)-(0, 0, 0)-(0, 0, 0)-(0, 0, 0)-(0, 0, 0)-(0, 0, 0)-(0, 0, 0)-(0, 0, 0)-(0, 0, 0)-(0, 0, 0)-(0, 0, 0)-(0, 0, 0)-(0, 0, 0)-(0, 0, 0)-(0, 0, 0)-
(0, 0, 0)-(0, 0, 0)-(0, 0, 0)-(0, 0, 0)-(0, 0, 0)-(0, 0, 0)-(0, 0, 0)-(0, 0, 0)-(0, 0, 0)-(0, 0, 0)-(0, 0, 0)-(0, 0, 0)-(0, 0, 0)-(0, 0, 0)-(0, 0, 0)-(0, 0, 0)-(0, 0, 0)-(0, 0, 0)-(0, 0, 0)-(0, 0, 0)-(0, 0, 0)-(0, 0, 0)-(0, 0, 0)-(0, 0, 0)-(0, 0, 0)-(0, 0, 0)-(0, 0, 0)-(0, 0, 0)-(0, 0, 0)-(0, 0, 0)-
(0, 0, 0)-(0, 0, 0)-(0, 0, 0)-(0, 0, 0)-(0, 0, 0)-(0, 0, 0)-(0, 0, 0)-(0, 0, 0)-(0, 0, 0)-(0, 0, 0)-(0, 0, 0)-(0, 0, 0)-(0, 0, 0)-(0, 0, 0)-(0, 0, 0)-(0, 0, 0)-(0, 0, 0)-(0, 0, 0)-(255, 255, 255)-(255, 255, 255)-(0, 0, 0)-(0, 0, 0)-(0, 0, 0)-(0, 0, 0)-(0, 0, 0)-(0, 0, 0)-(0, 0, 0)-(0, 0, 0)-(0, 0, 0)-(0, 0, 0)-
(0, 0, 0)-(0, 0, 0)-(0, 0, 0)-(0, 0, 0)-(0, 0, 0)-(0, 0, 0)-(0, 0, 0)-(0, 0, 0)-(0, 0, 0)-(0, 0, 0)-(0, 0, 0)-(0, 0, 0)-(0, 0, 0)-(0, 0, 0)-(0, 0, 0)-(0, 0, 0)-(0, 0, 0)-(0, 0, 0)-(255, 255, 255)-(0, 0, 0)-(0, 0, 0)-(0, 0, 0)-(0, 0, 0)-(0, 0, 0)-(0, 0, 0)-(0, 0, 0)-(0, 0, 0)-(0, 0, 0)-(0, 0, 0)-(0, 0, 0)-
(0, 0, 0)-(0, 0, 0)-(0, 0, 0)-(0, 0, 0)-(0, 0, 0)-(0, 0, 0)-(0, 0, 0)-(0, 0, 0)-(0, 0, 0)-(0, 0, 0)-(0, 0, 0)-(0, 0, 0)-(0, 0, 0)-(0, 0, 0)-(0, 0, 0)-(0, 0, 0)-(0, 0, 0)-(0, 0, 0)-(0, 0, 0)-(0, 0, 0)-(0, 0, 0)-(0, 0, 0)-(0, 0, 0)-(0, 0, 0)-(0, 0, 0)-(0, 0, 0)-(0, 0, 0)-(0, 0, 0)-(0, 0, 0)-(0, 0, 0)-
(0, 0, 0)-(0, 0, 0)-(0, 0, 0)-(0, 0, 0)-(0, 0, 0)-(0, 0, 0)-(0, 0, 0)-(0, 0, 0)-(0, 0, 0)-(0, 0, 0)-(0, 0, 0)-(0, 0, 0)-(0, 0, 0)-(0, 0, 0)-(0, 0, 0)-(0, 0, 0)-(0, 0, 0)-(0, 0, 0)-(0, 0, 0)-(0, 0, 0)-(0, 0, 0)-(0, 0, 0)-(0, 0, 0)-(0, 0, 0)-(0, 0, 0)-(0, 0, 0)-(0, 0, 0)-(0, 0, 0)-(0, 0, 0)-(0, 0, 0)-
(0, 0, 0)-(0, 0, 0)-(0, 0, 0)-(0, 0, 0)-(0, 0, 0)-(0, 0, 0)-(0, 0, 0)-(0, 0, 0)-(0, 0, 0)-(0, 0, 0)-(0, 0, 0)-(0, 0, 0)-(0, 0, 0)-(0, 0, 0)-(0, 0, 0)-(0, 0, 0)-(0, 0, 0)-(0, 0, 0)-(0, 0, 0)-(0, 0, 0)-(0, 0, 0)-(0, 0, 0)-(0, 0, 0)-(0, 0, 0)-(0, 0, 0)-(0, 0, 0)-(0, 0, 0)-(0, 0, 0)-(0, 0, 0)-(0, 0, 0)-
(0, 0, 0)-(0, 0, 0)-(0, 0, 0)-(0, 0, 0)-(0, 0, 0)-(0, 0, 0)-(0, 0, 0)-(0, 0, 0)-(0, 0, 0)-(0, 0, 0)-(0, 0, 0)-(0, 0, 0)-(0, 0, 0)-(0, 0, 0)-(0, 0, 0)-(0, 0, 0)-(0, 0, 0)-(0, 0, 0)-(0, 0, 0)-(0, 0, 0)-(0, 0, 0)-(0, 0, 0)-(0, 0, 0)-(0, 0, 0)-(0, 0, 0)-(0, 0, 0)-(0, 0, 0)-(0, 0, 0)-(0, 0, 0)-(0, 0, 0)-
(0, 0, 0)-(0, 0, 0)-(0, 0, 0)-(0, 0, 0)-(0, 0, 0)-(0, 0, 0)-(0, 0, 0)-(0, 0, 0)-(0, 0, 0)-(0, 0, 0)-(0, 0, 0)-(0, 0, 0)-(0, 0, 0)-(0, 0, 0)-(0, 0, 0)-(0, 0, 0)-(0, 0, 0)-(0, 0, 0)-(0, 0, 0)-(0, 0, 0)-(0, 0, 0)-(0, 0, 0)-(0, 0, 0)-(0, 0, 0)-(0, 0, 0)-(0, 0, 0)-(0, 0, 0)-(0, 0, 0)-(0, 0, 0)-(0, 0, 0)-
# new Layer
(0, 0, 0)-(0, 0, 0)-(0, 0, 0)-(0, 0, 0)-(0, 0, 0)-(0, 0, 0)-(0, 0, 0)-(0, 0, 0)-(0, 0, 0)-(0, 0, 0)-(0, 0, 0)-(0, 0, 0)-(0, 0, 0)-(0, 0, 0)-(0, 0, 0)-(0, 0, 0)-(0, 0, 0)-(0, 0, 0)-(0, 0, 0)-(0, 0, 0)-(0, 0, 0)-(0, 0, 0)-(0, 0, 0)-(0, 0, 0)-(0, 0, 0)-(0, 0, 0)-(0, 0, 0)-(0, 0, 0)-(0, 0, 0)-(0, 0, 0)-
(0, 0, 0)-(0, 0, 0)-(0, 0, 0)-(0, 0, 0)-(0, 0, 0)-(0, 0, 0)-(0, 0, 0)-(0, 0, 0)-(0, 0, 0)-(0, 0, 0)-(0, 0, 0)-(0, 0, 0)-(0, 0, 0)-(0, 0, 0)-(0, 0, 0)-(0, 0, 0)-(0, 0, 0)-(0, 0, 0)-(0, 0, 0)-(0, 0, 0)-(0, 0, 0)-(0, 0, 0)-(0, 0, 0)-(0, 0, 0)-(0, 0, 0)-(0, 0, 0)-(0, 0, 0)-(0, 0, 0)-(0, 0, 0)-(0, 0, 0)-
(0, 0, 0)-(0, 0, 0)-(0, 0, 0)-(0, 0, 0)-(0, 0, 0)-(0, 0, 0)-(0, 0, 0)-(0, 0, 0)-(0, 0, 0)-(0, 0, 0)-(0, 0, 0)-(0, 0, 0)-(0, 0, 0)-(0, 0, 0)-(0, 0, 0)-(0, 0, 0)-(0, 0, 0)-(0, 0, 0)-(0, 0, 0)-(0, 0, 0)-(0, 0, 0)-(0, 0, 0)-(0, 0, 0)-(0, 0, 0)-(0, 0, 0)-(0, 0, 0)-(0, 0, 0)-(0, 0, 0)-(0, 0, 0)-(0, 0, 0)-
(0, 0, 0)-(0, 0, 0)-(0, 0, 0)-(0, 0, 0)-(0, 0, 0)-(0, 0, 0)-(0, 0, 0)-(0, 0, 0)-(0, 0, 0)-(0, 0, 0)-(0, 0, 0)-(0, 0, 0)-(0, 0, 0)-(0, 0, 0)-(0, 0, 0)-(0, 0, 0)-(255, 255, 255)-(255, 255, 255)-(0, 0, 0)-(0, 0, 0)-(0, 0, 0)-(0, 0, 0)-(0, 0, 0)-(0, 0, 0)-(0, 0, 0)-(0, 0, 0)-(0, 0, 0)-(0, 0, 0)-(0, 0, 0)-(0, 0, 0)-
(0, 0, 0)-(0, 0, 0)-(0, 0, 0)-(0, 0, 0)-(0, 0, 0)-(0, 0, 0)-(0, 0, 0)-(0, 0, 0)-(0, 0, 0)-(0, 0, 0)-(0, 0, 0)-(0, 0, 0)-(0, 0, 0)-(0, 0, 0)-(0, 0, 0)-(0, 0, 0)-(255, 255, 255)-(0, 0, 0)-(0, 0, 0)-(0, 0, 0)-(0, 0, 0)-(0, 0, 0)-(0, 0, 0)-(0, 0, 0)-(0, 0, 0)-(0, 0, 0)-(0, 0, 0)-(0, 0, 0)-(0, 0, 0)-(0, 0, 0)-
(0, 0, 0)-(0, 0, 0)-(0, 0, 0)-(0, 0, 0)-(0, 0, 0)-(0, 0, 0)-(0, 0, 0)-(0, 0, 0)-(0, 0, 0)-(0, 0, 0)-(0, 0, 0)-(0, 0, 0)-(0, 0, 0)-(0, 0, 0)-(0, 0, 0)-(0, 0, 0)-(0, 0, 0)-(0, 0, 0)-(0, 0, 0)-(0, 0, 0)-(0, 0, 0)-(0, 0, 0)-(0, 0, 0)-(0, 0, 0)-(0, 0, 0)-(0, 0, 0)-(0, 0, 0)-(0, 0, 0)-(0, 0, 0)-(0, 0, 0)-
(0, 0, 0)-(0, 0, 0)-(0, 0, 0)-(0, 0, 0)-(0, 0, 0)-(0, 0, 0)-(0, 0, 0)-(0, 0, 0)-(0, 0, 0)-(0, 0, 0)-(0, 0, 0)-(0, 0, 0)-(0, 0, 0)-(0, 0, 0)-(0, 0, 0)-(0, 0, 0)-(0, 0, 0)-(0, 0, 0)-(0, 0, 0)-(0, 0, 0)-(0, 0, 0)-(0, 0, 0)-(0, 0, 0)-(0, 0, 0)-(0, 0, 0)-(0, 0, 0)-(0, 0, 0)-(0, 0, 0)-(0, 0, 0)-(0, 0, 0)-
(0, 0, 0)-(0, 0, 0)-(0, 0, 0)-(0, 0, 0)-(0, 0, 0)-(0, 0, 0)-(0, 0, 0)-(0, 0, 0)-(0, 0, 0)-(0, 0, 0)-(0, 0, 0)-(0, 0, 0)-(0, 0, 0)-(0, 0, 0)-(0, 0, 0)-(0, 0, 0)-(0, 0, 0)-(0, 0, 0)-(0, 0, 0)-(0, 0, 0)-(0, 0, 0)-(0, 0, 0)-(0, 0, 0)-(0, 0, 0)-(0, 0, 0)-(0, 0, 0)-(0, 0, 0)-(0, 0, 0)-(0, 0, 0)-(0, 0, 0)-
(0, 0, 0)-(0, 0, 0)-(0, 0, 0)-(0, 0, 0)-(0, 0, 0)-(0, 0, 0)-(0, 0, 0)-(0, 0, 0)-(0, 0, 0)-(0, 0, 0)-(0, 0, 0)-(0, 0, 0)-(0, 0, 0)-(0, 0, 0)-(0, 0, 0)-(0, 0, 0)-(0, 0, 0)-(0, 0, 0)-(0, 0, 0)-(0, 0, 0)-(0, 0, 0)-(0, 0, 0)-(0, 0, 0)-(0, 0, 0)-(0, 0, 0)-(0, 0, 0)-(0, 0, 0)-(0, 0, 0)-(0, 0, 0)-(0, 0, 0)-
(0, 0, 0)-(0, 0, 0)-(0, 0, 0)-(0, 0, 0)-(0, 0, 0)-(0, 0, 0)-(0, 0, 0)-(0, 0, 0)-(0, 0, 0)-(0, 0, 0)-(0, 0, 0)-(0, 0, 0)-(0, 0, 0)-(0, 0, 0)-(0, 0, 0)-(0, 0, 0)-(0, 0, 0)-(0, 0, 0)-(0, 0, 0)-(0, 0, 0)-(0, 0, 0)-(0, 0, 0)-(0, 0, 0)-(0, 0, 0)-(0, 0, 0)-(0, 0, 0)-(0, 0, 0)-(0, 0, 0)-(0, 0, 0)-(0, 0, 0)-
(0, 0, 0)-(0, 0, 0)-(0, 0, 0)-(0, 0, 0)-(0, 0, 0)-(0, 0, 0)-(0, 0, 0)-(0, 0, 0)-(0, 0, 0)-(0, 0, 0)-(0, 0, 0)-(0, 0, 0)-(0, 0, 0)-(0, 0, 0)-(0, 0, 0)-(0, 0, 0)-(0, 0, 0)-(0, 0, 0)-(0, 0, 0)-(0, 0, 0)-(0, 0, 0)-(0, 0, 0)-(0, 0, 0)-(0, 0, 0)-(0, 0, 0)-(0, 0, 0)-(0, 0, 0)-(0, 0, 0)-(0, 0, 0)-(0, 0, 0)-
(0, 0, 0)-(0, 0, 0)-(0, 0, 0)-(0, 0, 0)-(0, 0, 0)-(0, 0, 0)-(0, 0, 0)-(0, 0, 0)-(0, 0, 0)-(0, 0, 0)-(0, 0, 0)-(0, 0, 0)-(0, 0, 0)-(0, 0, 0)-(0, 0, 0)-(0, 0, 0)-(0, 0, 0)-(0, 0, 0)-(0, 0, 0)-(0, 0, 0)-(0, 0, 0)-(0, 0, 0)-(0, 0, 0)-(0, 0, 0)-(0, 0, 0)-(0, 0, 0)-(0, 0, 0)-(0, 0, 0)-(0, 0, 0)-(0, 0, 0)-
# new Layer
(0, 0, 0)-(0, 0, 0)-(0, 0, 0)-(0, 0, 0)-(0, 0, 0)-(0, 0, 0)-(0, 0, 0)-(0, 0, 0)-(0, 0, 0)-(0, 0, 0)-(0, 0, 0)-(0, 0, 0)-(0, 0, 0)-(0, 0, 0)-(0, 0, 0)-(0, 0, 0)-(0, 0, 0)-(0, 0, 0)-(0, 0, 0)-(0, 0, 0)-(0, 0, 0)-(0, 0, 0)-(0, 0, 0)-(0, 0, 0)-(0, 0, 0)-(0, 0, 0)-(0, 0, 0)-(0, 0, 0)-(0, 0, 0)-(0, 0, 0)-
(0, 0, 0)-(0, 0, 0)-(0, 0, 0)-(0, 0, 0)-(0, 0, 0)-(0, 0, 0)-(0, 0, 0)-(0, 0, 0)-(0, 0, 0)-(0, 0, 0)-(0, 0, 0)-(0, 0, 0)-(0, 0, 0)-(0, 0, 0)-(255, 255, 255)-(255, 255, 255)-(0, 0, 0)-(0, 0, 0)-(0, 0, 0)-(0, 0, 0)-(0, 0, 0)-(0, 0, 0)-(0, 0, 0)-(0, 0, 0)-(0, 0, 0)-(0, 0, 0)-(0, 0, 0)-(0, 0, 0)-(0, 0, 0)-(0, 0, 0)-
(0, 0, 0)-(0, 0, 0)-(0, 0, 0)-(0, 0, 0)-(0, 0, 0)-(0, 0, 0)-(0, 0, 0)-(0, 0, 0)-(0, 0, 0)-(0, 0, 0)-(0, 0, 0)-(0, 0, 0)-(0, 0, 0)-(0, 0, 0)-(255, 255, 255)-(0, 0, 0)-(0, 0, 0)-(0, 0, 0)-(0, 0, 0)-(0, 0, 0)-(0, 0, 0)-(0, 0, 0)-(0, 0, 0)-(0, 0, 0)-(0, 0, 0)-(0, 0, 0)-(0, 0, 0)-(0, 0, 0)-(0, 0, 0)-(0, 0, 0)-
(0, 0, 0)-(0, 0, 0)-(0, 0, 0)-(0, 0, 0)-(0, 0, 0)-(0, 0, 0)-(0, 0, 0)-(0, 0, 0)-(0, 0, 0)-(0, 0, 0)-(0, 0, 0)-(0, 0, 0)-(0, 0, 0)-(0, 0, 0)-(0, 0, 0)-(0, 0, 0)-(0, 0, 0)-(0, 0, 0)-(0, 0, 0)-(0, 0, 0)-(0, 0, 0)-(0, 0, 0)-(0, 0, 0)-(0, 0, 0)-(0, 0, 0)-(0, 0, 0)-(0, 0, 0)-(0, 0, 0)-(0, 0, 0)-(0, 0, 0)-
(0, 0, 0)-(0, 0, 0)-(0, 0, 0)-(0, 0, 0)-(0, 0, 0)-(0, 0, 0)-(0, 0, 0)-(0, 0, 0)-(0, 0, 0)-(0, 0, 0)-(0, 0, 0)-(0, 0, 0)-(0, 0, 0)-(0, 0, 0)-(0, 0, 0)-(0, 0, 0)-(0, 0, 0)-(0, 0, 0)-(0, 0, 0)-(0, 0, 0)-(0, 0, 0)-(0, 0, 0)-(0, 0, 0)-(0, 0, 0)-(0, 0, 0)-(0, 0, 0)-(0, 0, 0)-(0, 0, 0)-(0, 0, 0)-(0, 0, 0)-
(0, 0, 0)-(0, 0, 0)-(0, 0, 0)-(0, 0, 0)-(0, 0, 0)-(0, 0, 0)-(0, 0, 0)-(0, 0, 0)-(0, 0, 0)-(0, 0, 0)-(0, 0, 0)-(0, 0, 0)-(0, 0, 0)-(0, 0, 0)-(0, 0, 0)-(0, 0, 0)-(0, 0, 0)-(0, 0, 0)-(0, 0, 0)-(0, 0, 0)-(0, 0, 0)-(0, 0, 0)-(0, 0, 0)-(0, 0, 0)-(0, 0, 0)-(0, 0, 0)-(0, 0, 0)-(0, 0, 0)-(0, 0, 0)-(0, 0, 0)-
(0, 0, 0)-(0, 0, 0)-(0, 0, 0)-(0, 0, 0)-(0, 0, 0)-(0, 0, 0)-(0, 0, 0)-(0, 0, 0)-(0, 0, 0)-(0, 0, 0)-(0, 0, 0)-(0, 0, 0)-(0, 0, 0)-(0, 0, 0)-(0, 0, 0)-(0, 0, 0)-(0, 0, 0)-(0, 0, 0)-(0, 0, 0)-(0, 0, 0)-(0, 0, 0)-(0, 0, 0)-(0, 0, 0)-(0, 0, 0)-(0, 0, 0)-(0, 0, 0)-(0, 0, 0)-(0, 0, 0)-(0, 0, 0)-(0, 0, 0)-
(0, 0, 0)-(0, 0, 0)-(0, 0, 0)-(0, 0, 0)-(0, 0, 0)-(0, 0, 0)-(0, 0, 0)-(0, 0, 0)-(0, 0, 0)-(0, 0, 0)-(0, 0, 0)-(0, 0, 0)-(0, 0, 0)-(0, 0, 0)-(0, 0, 0)-(0, 0, 0)-(0, 0, 0)-(0, 0, 0)-(0, 0, 0)-(0, 0, 0)-(0, 0, 0)-(0, 0, 0)-(0, 0, 0)-(0, 0, 0)-(0, 0, 0)-(0, 0, 0)-(0, 0, 0)-(0, 0, 0)-(0, 0, 0)-(0, 0, 0)-
(0, 0, 0)-(0, 0, 0)-(0, 0, 0)-(0, 0, 0)-(0, 0, 0)-(0, 0, 0)-(0, 0, 0)-(0, 0, 0)-(0, 0, 0)-(0, 0, 0)-(0, 0, 0)-(0, 0, 0)-(0, 0, 0)-(0, 0, 0)-(0, 0, 0)-(0, 0, 0)-(0, 0, 0)-(0, 0, 0)-(0, 0, 0)-(0, 0, 0)-(0, 0, 0)-(0, 0, 0)-(0, 0, 0)-(0, 0, 0)-(0, 0, 0)-(0, 0, 0)-(0, 0, 0)-(0, 0, 0)-(0, 0, 0)-(0, 0, 0)-
(0, 0, 0)-(0, 0, 0)-(0, 0, 0)-(0, 0, 0)-(0, 0, 0)-(0, 0, 0)-(0, 0, 0)-(0, 0, 0)-(0, 0, 0)-(0, 0, 0)-(0, 0, 0)-(0, 0, 0)-(0, 0, 0)-(0, 0, 0)-(0, 0, 0)-(0, 0, 0)-(0, 0, 0)-(0, 0, 0)-(0, 0, 0)-(0, 0, 0)-(0, 0, 0)-(0, 0, 0)-(0, 0, 0)-(0, 0, 0)-(0, 0, 0)-(0, 0, 0)-(0, 0, 0)-(0, 0, 0)-(0, 0, 0)-(0, 0, 0)-
(0, 0, 0)-(0, 0, 0)-(0, 0, 0)-(0, 0, 0)-(0, 0, 0)-(0, 0, 0)-(0, 0, 0)-(0, 0, 0)-(0, 0, 0)-(0, 0, 0)-(0, 0, 0)-(0, 0, 0)-(0, 0, 0)-(0, 0, 0)-(0, 0, 0)-(0, 0, 0)-(0, 0, 0)-(0, 0, 0)-(0, 0, 0)-(0, 0, 0)-(0, 0, 0)-(0, 0, 0)-(0, 0, 0)-(0, 0, 0)-(0, 0, 0)-(0, 0, 0)-(0, 0, 0)-(0, 0, 0)-(0, 0, 0)-(0, 0, 0)-
(0, 0, 0)-(0, 0, 0)-(0, 0, 0)-(0, 0, 0)-(0, 0, 0)-(0, 0, 0)-(0, 0, 0)-(0, 0, 0)-(0, 0, 0)-(0, 0, 0)-(0, 0, 0)-(0, 0, 0)-(0, 0, 0)-(0, 0, 0)-(0, 0, 0)-(0, 0, 0)-(0, 0, 0)-(0, 0, 0)-(0, 0, 0)-(0, 0, 0)-(0, 0, 0)-(0, 0, 0)-(0, 0, 0)-(0, 0, 0)-(0, 0, 0)-(0, 0, 0)-(0, 0, 0)-(0, 0, 0)-(0, 0, 0)-(0, 0, 0)-
# new Layer
